.2, true
-5870.227539, 205.173172, 13147.851563
-5848.419922, 207.047516, 13138.892578
-5823.039551, 208.912048, 13136.669922
-5798.974609, 209.885986, 13146.483398
-5765.223145, 210.079971, 13173.704102
-5731.669922, 209.733871, 13207.685547
-5702.988770, 211.911011, 13228.953125
-5666.903320, 216.498672, 13244.309570
-5630.090820, 220.232010, 13253.850586
-5564.505371, 224.124893, 13276.295898
-5509.858887, 221.872208, 13327.650391
-5478.849609, 217.833893, 13365.223633
-5446.334961, 214.037735, 13404.079102
-5401.039063, 214.073395, 13428.387695
-5381.391113, 215.210434, 13432.243164
-5365.466797, 216.594238, 13430.836914
-5349.684570, 218.399658, 13424.505859
-5334.995117, 221.479202, 13407.719727
-5327.972168, 227.702850, 13380.202148
-5316.904297, 231.335602, 13341.126953
-5317.142090, 236.827759, 13297.107422
-5326.305176, 241.647690, 13259.237305
-5344.490234, 245.423172, 13234.416016
-5362.020508, 248.047409, 13220.298828
-5384.750488, 251.306671, 13201.643555
-5396.972656, 253.415863, 13184.355469
-5403.524414, 255.066025, 13163.324219
-5401.829590, 256.350372, 13115.176758
-5394.862793, 259.577820, 13060.048828
-5393.982422, 270.570953, 13005.282227
-5401.590820, 278.446991, 12957.503906
-5420.600098, 286.131683, 12895.116211
-5441.140625, 290.396515, 12846.083984
-5456.479004, 297.060822, 12801.555664
-5464.845215, 299.560150, 12774.182617
-5481.562988, 295.311035, 12723.633789
-5492.757813, 290.305054, 12685.697266
-5496.470215, 287.465454, 12665.363281
-5494.841797, 285.114380, 12649.544922
-5490.347656, 283.598145, 12638.149414
-5468.160156, 279.957397, 12630.537109
-5453.666016, 275.653839, 12631.559570
-5432.013672, 268.259460, 12653.865234
-5410.216797, 261.625092, 12692.525391
-5395.274414, 258.191650, 12720.904297
-5382.410645, 252.696640, 12773.898438
-5377.873047, 249.643311, 12806.600586
-5367.307617, 247.955673, 12819.883789
-5346.919434, 245.662292, 12823.122070
-5334.180664, 243.254028, 12816.446289
-5327.196289, 241.266708, 12798.498047
-5332.183594, 238.257355, 12752.730469
-5341.920410, 234.209625, 12656.274414
-5340.159180, 233.102783, 12604.298828
-5348.661621, 228.679504, 12544.462891
-5364.054199, 221.192719, 12482.791992
-5366.806641, 216.521500, 12435.514648
-5334.859863, 212.833069, 12375.250000
-5304.390137, 209.960571, 12335.990234
-5274.808105, 207.502228, 12318.503906
-5288.934082, 204.918304, 12160.586914
-5287.200684, 205.088318, 12149.763672
-5281.138184, 205.213791, 12134.454102
-5256.790039, 205.340744, 12104.770508
-5226.866211, 205.513977, 12080.663086
-5172.571289, 205.515335, 12035.396484
-5147.230469, 205.422318, 12013.583008
-5123.809082, 204.633835, 11986.339844
-5105.188965, 205.354675, 11944.757813
-5102.879883, 205.728546, 11903.659180
-5098.098633, 205.843704, 11857.886719
-5076.298828, 205.491913, 11809.552734
-5041.541016, 206.664307, 11773.243164
-5000.173828, 212.886505, 11706.464844
-4986.274902, 218.595322, 11658.003906
-4980.723145, 226.778870, 11601.176758
-4971.816895, 231.998581, 11549.835938
-4960.572266, 231.887924, 11511.068359
-4941.578125, 228.661697, 11474.119141
-4903.708496, 230.016953, 11455.735352
-4792.069824, 230.331116, 11419.267578
-4738.058594, 230.333618, 11400.260742
-4685.443848, 230.333420, 11382.846680
-4628.518066, 230.333450, 11364.713867
-4578.533203, 229.812408, 11347.908203
-4537.226563, 229.377579, 11327.630859
-4507.887207, 229.265289, 11296.499023
-4475.334473, 229.343048, 11257.133789
-4427.223145, 229.684967, 11216.247070
-4334.231934, 229.684769, 11141.433594
-4292.995605, 229.684647, 11108.316406
-4212.096191, 229.473251, 11042.780273
-4158.979492, 226.035706, 11005.094727
-4109.725586, 220.662170, 10983.193359
-3992.769531, 217.506470, 10949.559570
-3849.382324, 217.504654, 10922.235352
-3790.894775, 217.799423, 10908.401367
-3748.557373, 218.987198, 10891.218750
-3703.357178, 218.584991, 10861.365234
-3642.285889, 212.179596, 10800.069336
-3582.058105, 207.101883, 10746.585938
-3499.006836, 208.307816, 10683.863281
-3441.864258, 208.934387, 10642.371094
-3402.127441, 209.275772, 10612.857422
-3369.073242, 208.387756, 10590.861328
-3305.807861, 206.043427, 10557.997070
-3263.471436, 205.138489, 10545.191406
-3200.378418, 205.359680, 10536.558594
-3117.592773, 203.938538, 10532.296875
-2995.096680, 204.029526, 10533.594727
-2920.914795, 204.030014, 10533.130859
-2855.372803, 204.855148, 10532.843750
-2745.983643, 206.994110, 10530.419922
-2660.420410, 206.507645, 10527.782227
-2593.491943, 206.026581, 10524.632813
-2513.798340, 205.151138, 10519.436523
-2419.353516, 206.306320, 10507.511719
-2363.225342, 208.469742, 10494.083984
-2303.947998, 211.348633, 10478.720703
-2241.423584, 214.655045, 10461.810547
-2180.203369, 217.956253, 10444.835938
-2113.422852, 221.007278, 10433.507813
-2052.826172, 222.055878, 10432.115234
-1993.319580, 223.169113, 10446.868164
-1951.373901, 227.829926, 10471.248047
-1911.648804, 235.596252, 10507.849609
-1881.940674, 242.681671, 10539.729492
-1848.808105, 252.786194, 10585.218750
-1819.625366, 264.403839, 10635.397461
-1754.574707, 277.142059, 10748.566406
-1741.688354, 277.593597, 10766.703125
-1744.530518, 277.390106, 10778.611328
-1860.168823, 274.552399, 10883.921875
-1881.651001, 275.034027, 10923.088867
-1904.433594, 276.413391, 10996.393555
-1926.627441, 277.460388, 11092.012695
-1940.890625, 278.013367, 11221.983398
-1958.124878, 277.769592, 11319.881836
-1987.034058, 277.357941, 11395.212891
-2021.691406, 276.903534, 11481.679688
-2038.765381, 275.234528, 11541.931641
-2045.689087, 272.258087, 11604.727539
-2047.497925, 268.791473, 11661.200195
-2042.830933, 263.820679, 11729.822266
-2033.903687, 254.999008, 11799.729492
-2018.293457, 250.502548, 11861.407227
-1987.531494, 241.803772, 11938.884766
-1963.399048, 229.718216, 12007.568359
-1951.516235, 223.223907, 12068.144531
-1948.845215, 222.008301, 12134.104492
-1954.890869, 223.143585, 12200.386719
-1972.544678, 223.500778, 12262.472656
-1995.011475, 223.959793, 12312.367188
-2044.381714, 224.226791, 12389.162109
-2121.701416, 223.272537, 12491.407227
-2156.023682, 223.170135, 12535.711914
-2190.327881, 223.896408, 12574.310547
-2251.823242, 223.377945, 12633.612305
-2297.343750, 223.197464, 12674.110352
-2342.824951, 223.198715, 12712.943359
-2385.747559, 223.375046, 12748.705078
-2425.696045, 224.158020, 12783.192383
-2478.111328, 223.926849, 12834.165039
-2515.886963, 224.373627, 12888.888672
-2551.343506, 224.110962, 12959.115234
-2581.505371, 223.826248, 13016.423828
-2624.153076, 223.684433, 13081.484375
-2671.164063, 223.315582, 13147.735352
-2720.069824, 222.940720, 13212.052734
-2773.259766, 223.229263, 13276.766602
-2829.693359, 223.234665, 13344.491211
-2914.340332, 223.164841, 13444.080078
-2956.822510, 223.216125, 13480.445313
-3013.153320, 223.153473, 13514.977539
-3082.560547, 226.968323, 13541.177734
-3217.277832, 228.575821, 13569.056641
-3303.631348, 227.803497, 13599.413086
-3408.252686, 224.909439, 13664.347656
-3453.659668, 225.094757, 13710.012695
-3537.839111, 221.130493, 13815.145508
-3587.270264, 217.810257, 13913.466797
-3610.677246, 215.378281, 14023.231445
-3603.041504, 215.373322, 14112.997070
-3568.827393, 216.284393, 14213.888672
-3525.809814, 216.571854, 14270.497070
-3471.918701, 216.582703, 14306.601563
-3377.358398, 216.433655, 14351.658203
-3309.336670, 216.305756, 14388.248047
-3258.762451, 216.175156, 14428.275391
-3215.016357, 216.415161, 14484.241211
-3181.815918, 216.408920, 14544.474609
-3140.379395, 216.867966, 14613.859375
-3095.142090, 213.513321, 14673.161133
-3016.606689, 209.806015, 14712.873047
-2948.557861, 208.533295, 14735.000977
-2872.129150, 207.071899, 14741.726563
-2809.003662, 206.919250, 14731.640625
-2747.943848, 207.571198, 14708.965820
-2693.120361, 208.605530, 14676.568359
-2635.741699, 209.784256, 14616.343750
-2599.437988, 210.791397, 14549.534180
-2565.100830, 212.229904, 14453.932617
-2550.001709, 213.770081, 14374.183594
-2550.971191, 215.204697, 14317.072266
-2565.353027, 218.942291, 14202.638672
-2576.369385, 223.787399, 14140.001953
-2586.225342, 231.067169, 14082.250000
-2624.226318, 233.864639, 13893.479492
-2645.393066, 233.858719, 13840.986328
-2674.637939, 233.557693, 13792.163086
-2721.251709, 233.098129, 13735.299805
-2764.047119, 230.963303, 13695.791992
-2816.339600, 226.834595, 13659.269531
-2896.306152, 222.747665, 13592.402344
-2937.254395, 223.327011, 13541.010742