.2, true
-983.929504, 209.140564, 5953.789063
-965.518860, 208.972519, 5946.460449
-924.260864, 209.835922, 5935.478516
-886.284668, 212.393585, 5935.037598
-849.548950, 214.325150, 5941.348145
-816.204407, 216.715958, 5949.562988
-780.640808, 221.760269, 5957.234863
-754.619934, 225.769104, 5964.544434
-735.457642, 225.724228, 5976.470215
-730.351013, 225.774704, 5987.653809
-735.257507, 226.008789, 6002.345215
-761.429810, 226.138550, 6029.944336
-785.535889, 228.472229, 6065.327148
-808.120056, 231.129257, 6106.705566
-821.209717, 233.124390, 6139.418945
-832.602112, 237.351212, 6183.059570
-841.557068, 242.417130, 6234.431152
-860.955139, 242.376709, 6301.830078
-886.011963, 237.719833, 6353.115234
-932.420471, 230.343353, 6403.820313
-959.949951, 228.611084, 6430.396484
-965.288452, 228.658112, 6447.272461
-957.052246, 228.796371, 6490.579102
-929.663879, 233.001602, 6579.650391
-900.026611, 234.902130, 6631.801758
-852.343506, 236.798752, 6684.835938
-811.575684, 238.901077, 6715.577637
-765.601440, 241.877686, 6738.943359
-715.309570, 244.782654, 6752.308594
-631.702271, 248.832413, 6761.863770
-547.651978, 252.239105, 6766.182617
-418.835449, 253.255035, 6778.328125
-373.833252, 253.279587, 6762.333984
-325.039856, 253.584900, 6763.444824
-262.112976, 255.347092, 6800.228516
-197.906113, 255.060593, 6848.820313
-159.017944, 254.465225, 6909.931152
-131.629715, 254.502090, 6964.189453
-96.159470, 255.928040, 7017.602539
-53.746445, 257.605682, 7077.725586
-15.526062, 258.141479, 7121.435059
35.067017, 258.622192, 7165.127441
80.720642, 259.229095, 7209.495605
120.518372, 260.335144, 7271.152832
162.020874, 264.468262, 7339.575684
181.299561, 265.937622, 7357.666992
208.958130, 265.800598, 7362.762695
239.687744, 266.482697, 7362.128418
281.059326, 266.805664, 7337.839355
331.488098, 268.047516, 7292.749512
368.568298, 268.138733, 7260.690918
434.986816, 267.643768, 7209.086914
480.357056, 267.371857, 7166.508789
521.628357, 268.291321, 7117.788086
586.235840, 269.147614, 7033.066406
618.092590, 269.205200, 6987.107422
647.419250, 268.077362, 6932.166992
664.166992, 266.105499, 6872.537109
679.759644, 265.663361, 6780.557129
693.837463, 268.993744, 6718.022949
712.233765, 273.600677, 6666.562988
735.715698, 278.930389, 6610.991699
754.411011, 285.340973, 6550.266602
763.963379, 294.580414, 6491.726074
841.019165, 305.023163, 6355.544434
895.747375, 305.569519, 6319.276855
935.453125, 305.327240, 6298.856934
973.211060, 305.429077, 6284.447266
1027.378662, 303.767242, 6269.150879
1102.878174, 297.049866, 6259.811523
1233.832520, 294.304810, 6245.645996
1274.542480, 298.784576, 6230.320801
1310.704346, 301.258850, 6209.793457
1357.266113, 294.762909, 6172.328125
1389.394287, 290.098358, 6131.543457
1410.596069, 286.270844, 6091.263672
1414.521362, 284.083405, 6065.234375
1409.298950, 281.118774, 6017.900879
1395.714722, 280.455597, 5984.493652
1373.738525, 279.680756, 5929.956543
1363.336792, 279.048676, 5887.262695
1368.147339, 278.643646, 5849.352051
1375.859741, 278.580505, 5840.876465
1401.441040, 278.145813, 5842.988770
1441.322021, 276.899506, 5847.889160
1510.265503, 273.822144, 5849.911621
1575.230103, 268.386108, 5855.503418
1620.875488, 266.136475, 5872.036133
1683.163330, 263.803345, 5910.811523
1734.328857, 259.766815, 5969.764648
1777.200684, 254.852600, 6047.864258
1781.331299, 253.837830, 6089.661621
1768.743530, 253.979279, 6136.001465
1737.737061, 253.711121, 6164.585449
1712.547363, 253.369141, 6180.309082
1688.208008, 253.015930, 6205.238281
1674.993774, 252.733032, 6235.538086
1669.867310, 252.785645, 6292.812012
1694.951538, 253.170853, 6365.960449
1709.980225, 253.176331, 6422.157715
1786.497803, 253.176620, 6668.318359
1805.572510, 253.177338, 6730.608887
1833.381470, 253.176910, 6821.279297
1861.846802, 253.177399, 6916.033691
1884.132813, 253.177399, 6990.218750
1906.352661, 253.177399, 7064.183594
1925.934814, 253.177399, 7129.368652
1945.515381, 252.578430, 7194.548340
1955.872925, 250.440338, 7229.049316
1974.970947, 240.781494, 7296.248047
1980.754028, 235.802353, 7376.672852
1971.989380, 239.183609, 7508.153809
1975.980103, 239.527603, 7533.596191
1975.140503, 239.405273, 7563.561523
1947.228760, 239.497818, 7594.819824
1879.436768, 243.906830, 7635.192383
1813.508057, 245.125000, 7674.579590
1756.905640, 243.839310, 7687.544434
1700.619019, 243.633652, 7679.685059
1636.169189, 239.356384, 7651.048340
1565.027466, 233.700378, 7602.860840
1525.761108, 234.434952, 7580.162109
1483.316650, 235.687439, 7564.216309
1438.924316, 237.097031, 7554.623535
1403.737427, 238.302322, 7552.158203
1322.426636, 240.376297, 7563.427734
1280.754517, 240.627716, 7586.520996
1228.009277, 236.693573, 7643.796875
1213.121582, 233.323730, 7705.862305
1213.924072, 233.833847, 7753.223145
1222.773804, 235.564270, 7812.522461
1242.920898, 236.212845, 7893.213379
1244.899414, 236.345901, 7959.688965
1233.682617, 236.313354, 8014.406250
1209.580322, 236.221756, 8070.737793
1189.159424, 236.957047, 8128.296387
1181.057373, 238.224686, 8176.054688
1200.999146, 245.665558, 8263.096680
1221.624390, 252.898254, 8316.929688
1247.737305, 261.626038, 8359.775391
1298.585938, 266.701324, 8403.056641
1358.901123, 264.398956, 8441.637695
1397.243164, 263.057190, 8480.514648
1423.878662, 262.492218, 8543.462891
1418.598145, 260.439819, 8627.314453
1395.040161, 249.383163, 8733.512695
1377.901001, 234.934982, 8808.450195
1367.917603, 227.385101, 8892.503906
1358.961060, 221.514954, 9006.760742
1356.818604, 223.102600, 9048.202148
1354.430542, 223.069290, 9129.958008
1350.893188, 223.068466, 9203.099609
1349.436646, 223.072525, 9233.565430
1348.022217, 222.013214, 9267.369141
1344.543213, 221.340561, 9290.378906
1337.118042, 221.016037, 9312.288086
1322.912231, 220.109665, 9327.179688
1298.135620, 218.755463, 9330.323242
1242.853271, 213.544739, 9314.162109
1197.430054, 209.635437, 9306.530273
1148.933838, 210.545654, 9312.568359
1122.257690, 211.567154, 9318.236328
1073.670044, 210.422058, 9312.009766
1043.164307, 207.797760, 9294.317383
1004.536621, 205.166382, 9268.617188