.2, true
3427.770020, 1337.058960, -5693.523438
3421.054199, 1337.076172, -5689.311035
3412.240967, 1337.276978, -5681.913574
3402.455811, 1337.273438, -5662.242188
3402.303223, 1337.271362, -5639.992676
3410.632813, 1337.281128, -5607.248047
3426.653320, 1336.720337, -5587.380371
3449.455322, 1334.559814, -5564.380859
3492.336426, 1331.618652, -5511.280273
3512.272705, 1333.969727, -5482.232422
3586.289063, 1346.850464, -5400.573242
3642.112061, 1346.943359, -5399.236328
3648.742432, 1346.943970, -5398.910156
3662.892578, 1346.940674, -5397.427246
3677.792236, 1346.943604, -5394.641602
3700.020996, 1346.942627, -5390.999023
3718.043945, 1346.943848, -5390.217285
3727.758301, 1346.941528, -5387.623047
3739.918213, 1346.941406, -5380.978516
3745.530762, 1346.943115, -5356.153320
3745.608154, 1346.939941, -5350.939941
3746.140381, 1346.835205, -5316.679688
3746.072510, 1346.436890, -5276.117188
3745.933594, 1345.276978, -5244.566406
3746.731934, 1344.529053, -5233.484375
3749.551514, 1342.874268, -5209.483398
3754.901611, 1339.597290, -5178.805664
3761.027832, 1334.281982, -5144.049805
3765.163574, 1328.757568, -5113.809570
3766.128906, 1325.410034, -5083.277344
3763.600098, 1318.720581, -5050.867188
3750.073242, 1309.039795, -5013.817383
3700.578613, 1293.837891, -4955.635742
3679.402588, 1287.668091, -4936.541016
3628.799805, 1274.855835, -4905.388672
3538.268066, 1253.986450, -4870.136230
3513.161621, 1245.898682, -4854.239746
3411.722656, 1214.949463, -4779.621582
3396.075195, 1209.795166, -4765.806641
3367.644043, 1200.309570, -4738.286621
3322.162842, 1189.215454, -4698.333008
3247.437988, 1175.169922, -4690.863281
3223.462891, 1172.656738, -4742.945313
3216.328857, 1170.567017, -4773.217285
3202.277832, 1162.620728, -4824.080078
3181.505127, 1149.634644, -4874.662109
3136.125732, 1139.408691, -4939.557129
3094.638184, 1133.356689, -4985.078613
3053.216309, 1124.671387, -5028.664551
3021.923828, 1117.026245, -5061.960449
2958.253906, 1102.845947, -5132.476563
2915.300293, 1091.417236, -5202.836914
2905.197998, 1090.149048, -5205.896973
2891.295166, 1089.185547, -5205.842773
2880.211426, 1088.968262, -5201.724609
2871.968994, 1088.739136, -5193.737793
2869.437500, 1088.096436, -5185.741211
2868.779053, 1087.783936, -5177.543945
2891.787354, 1082.195801, -5121.519043
2901.239502, 1078.738281, -5096.466797
2917.073975, 1075.461670, -5062.109375
2928.575684, 1073.644287, -5039.064453
2943.600586, 1071.998169, -5011.045410
2961.669434, 1069.055908, -4979.023438
2988.052490, 1063.691284, -4937.854004
3014.520996, 1058.012329, -4896.215820
3042.584473, 1051.037231, -4837.460449
3054.010742, 1045.642578, -4773.765137
3052.375244, 1043.614624, -4760.681152
3043.815918, 1040.870117, -4749.071777
3026.625977, 1037.008301, -4740.421875
3005.306152, 1031.510986, -4740.978027
2988.181396, 1027.888794, -4751.149902
2960.129150, 1022.516541, -4788.971191
2937.726074, 1018.992310, -4821.072754
2914.905762, 1017.492310, -4848.672363
2891.529297, 1017.281128, -4875.454102
2865.764648, 1016.019653, -4903.148926
2846.621582, 1013.502380, -4925.253906
2830.208008, 1011.129272, -4954.684082
2815.216553, 1009.171021, -4985.614746
2801.075195, 1008.279602, -5013.385742
2772.618408, 1007.798584, -5061.096680
2742.483398, 1006.723389, -5123.937012
2723.730469, 1006.628967, -5195.644043
2709.597656, 1003.228027, -5244.250977
2680.133057, 988.544678, -5342.430176
2665.423340, 974.574707, -5430.712402
2606.497070, 958.192688, -5560.842285
2597.085938, 955.148987, -5592.773438
2591.561523, 953.345642, -5624.708008
2597.940430, 954.499756, -5668.632324
2614.685303, 955.887390, -5694.974609
2642.374023, 955.045410, -5717.072266
2682.871094, 950.856567, -5733.514648
2716.534180, 946.930481, -5739.348145
2773.439209, 939.598938, -5749.347168
2812.145508, 934.306458, -5760.579590
2864.289063, 926.889893, -5783.520020
2910.098877, 918.014282, -5823.924805
2944.324707, 909.583679, -5865.297363
2966.604004, 903.125977, -5901.318359
2994.619873, 894.055481, -5954.621094
3015.478760, 886.220032, -6002.407227
3032.028076, 879.114746, -6046.684570
3046.606934, 870.528015, -6101.327637
3057.578125, 851.736450, -6236.729492
3049.104492, 847.608276, -6266.573242
3036.392578, 843.003296, -6293.860352
3016.800781, 837.074585, -6316.593262
2986.390381, 830.602295, -6331.618164
2955.186035, 825.350098, -6332.735840
2919.871826, 819.940735, -6331.901367
2868.205322, 812.038757, -6336.587891
2835.996826, 807.171387, -6347.784180
2793.187012, 801.931946, -6368.082031
2729.023682, 791.826721, -6386.249023
2702.262451, 785.247864, -6374.882324
2623.780762, 761.962585, -6307.913574
2586.866211, 750.736572, -6285.007813
2558.095459, 741.989746, -6266.925293
2525.488525, 732.778442, -6253.873047
2475.526367, 719.210693, -6255.157227
2447.802490, 713.986389, -6267.946777
2422.535645, 711.285950, -6295.674316
2414.341064, 707.824280, -6328.384766
2425.151367, 700.688049, -6373.009766
2443.297363, 694.365112, -6410.559082
2463.779541, 687.742676, -6450.887695
2495.007080, 678.376831, -6510.036621
2496.777832, 673.197144, -6582.378906
2479.546387, 674.734436, -6610.213379
2450.871338, 673.989197, -6625.650879
2409.874756, 672.013428, -6624.645020
2374.627930, 668.040833, -6608.383301
2344.792969, 661.776367, -6583.269043
2304.303223, 651.274597, -6538.062988
2258.870117, 639.438904, -6486.897461
2194.875488, 628.828186, -6441.037109
2161.037598, 629.206360, -6433.168457
2152.504395, 629.102722, -6427.237305
2130.614014, 626.576782, -6398.616211
2111.182861, 622.178894, -6375.740234
2077.004395, 614.943420, -6344.736816
1987.460693, 596.072021, -6262.287109
1925.709229, 582.931824, -6196.751953
1910.679688, 579.498230, -6175.597656
1888.281372, 574.761780, -6136.663574
1873.664795, 572.404907, -6099.098145
1867.852295, 571.494080, -6059.666992
1866.561035, 570.642151, -6005.997070
1872.388184, 569.079651, -5945.421875
1907.622559, 565.177917, -5826.032227
1918.475464, 561.792236, -5786.960449
1936.888184, 553.953552, -5734.087402
1952.582275, 545.845337, -5689.032227
1965.299072, 539.036743, -5652.515625
1983.634155, 528.850403, -5597.113770
2057.205322, 498.011383, -5410.157715
2075.113770, 493.538452, -5376.604004
2103.111084, 486.753723, -5324.137695
2125.172363, 481.499817, -5281.657227
2151.019775, 474.838501, -5223.495117
2169.207275, 469.396271, -5167.895020
2174.800537, 466.605621, -5124.553223
2172.272949, 465.256317, -5079.737793
2089.991211, 465.088989, -4942.997070
2069.273438, 465.179199, -4938.018555
2044.385132, 464.453522, -4941.240234
2021.400635, 461.765717, -4956.006348
2010.255127, 457.703247, -4983.347656
1987.619385, 439.165619, -5117.501953
1976.641113, 430.514221, -5178.161621
1949.578857, 421.188873, -5231.412598
1930.729248, 416.642487, -5253.244141
1880.696411, 407.720978, -5299.317871
1845.758179, 403.839752, -5325.080566
1818.160400, 401.428314, -5343.880371
1757.531250, 397.046448, -5383.255371
1724.545898, 395.437744, -5414.930664
1694.666138, 395.383606, -5461.522461
1663.626587, 395.606171, -5576.239746
1658.836426, 395.735352, -5660.099121
1624.703491, 395.734375, -6107.852539
1614.400879, 395.733704, -6246.173340
1610.602783, 395.733704, -6292.947754
1605.137085, 395.733704, -6360.256836
1600.884033, 395.733704, -6412.633301
1595.198608, 395.731354, -6482.645508
1592.500977, 394.956787, -6515.867188
1591.932617, 391.980988, -6576.400879
1600.152588, 383.741089, -6619.378418
1613.003296, 373.141846, -6668.232422
1625.277954, 362.921173, -6711.880371
1679.158691, 338.430389, -6803.375000
1725.470947, 325.314514, -6839.340332
1769.434570, 313.555573, -6866.958984
1848.280762, 294.365997, -6925.817383
1858.232788, 293.339783, -6946.827637
1866.456421, 292.699097, -6992.711426
1871.027588, 281.034424, -7053.726074
1873.202759, 267.551941, -7104.358398
1878.320557, 255.548553, -7146.222168
1919.501343, 239.559875, -7247.061035
1923.562378, 239.605927, -7269.260254
1915.661743, 239.765900, -7295.460938
1897.300659, 240.733032, -7358.536621
1841.350098, 244.712860, -7630.967285
1823.562744, 249.625809, -7688.259277
1790.962891, 251.983917, -7744.800781
1755.814575, 253.470764, -7796.439941
1717.610474, 255.214111, -7855.506348
1690.523071, 257.105072, -7902.772461
1667.013916, 262.006287, -7968.429199
1652.920654, 265.079315, -8015.715332
1629.146362, 263.985657, -8056.680664
1583.988892, 256.930634, -8124.603516
1583.143433, 250.183548, -8207.249023
1570.288940, 249.818008, -8228.158203
1552.937256, 253.813492, -8264.017578
1546.144653, 257.423126, -8296.008789
1548.387695, 262.110596, -8350.499023
1559.489868, 265.043732, -8419.326172
1571.022583, 267.707001, -8487.531250
1589.847656, 274.479645, -8593.627930
1618.731079, 296.006622, -8731.659180
1630.968018, 304.756744, -8777.384766
1644.074097, 312.086456, -8819.594727
1659.018433, 318.216644, -8859.478516
1673.287842, 321.647064, -8897.388672
1689.813721, 317.856079, -9045.714844
1701.014648, 317.951874, -9504.034180
1701.898682, 317.951477, -9535.960938
1703.882935, 317.951843, -9607.631836
1705.587891, 317.409668, -9669.204102
1706.026978, 320.144531, -9717.561523
1700.914429, 324.510315, -9792.677734
1691.098145, 323.400604, -9840.923828
1675.283813, 320.804840, -9898.471680
1657.807007, 316.542938, -9953.016602
1637.348755, 309.501190, -10005.375000
1616.750977, 300.998199, -10044.353516
1588.157593, 288.791290, -10089.549805
1564.073120, 279.152863, -10124.913086
1527.022339, 266.906250, -10177.609375
1490.619019, 258.412994, -10225.747070
1457.298096, 252.267532, -10266.290039
1422.131836, 246.728119, -10305.048828
1384.815674, 241.519440, -10343.647461
1349.754028, 236.803482, -10383.862305
1260.203735, 225.819412, -10507.530273
1243.708618, 225.031448, -10548.192383
1229.066162, 225.035034, -10594.416016
1199.520508, 228.752228, -10728.623047
1187.928345, 230.346252, -10787.816406
1178.581055, 230.565338, -10820.054688
1152.371460, 230.400711, -10879.920898
1122.237061, 230.207184, -10895.371094
1101.362549, 229.676239, -10891.048828
1076.542480, 228.657822, -10884.710938
1049.751709, 227.160263, -10889.415039
1031.697998, 225.695755, -10906.294922
1014.860352, 224.370682, -10931.830078
959.828003, 217.176163, -10988.730469
932.500793, 217.516312, -10993.487305
894.282532, 218.466858, -10988.061523
857.156616, 219.085220, -10962.606445
834.081909, 219.457977, -10929.805664
804.048523, 218.325363, -10900.000977
752.247437, 217.476471, -10887.916992
643.068054, 217.765945, -10866.956055
595.910095, 218.027420, -10859.909180
538.231812, 220.299164, -10856.446289
496.190338, 224.174423, -10856.864258
448.985840, 229.343750, -10862.193359
394.999023, 235.020691, -10877.242188
350.505005, 241.242981, -10893.907227
313.091492, 247.182205, -10910.098633
264.675354, 256.270477, -10935.010742
235.679016, 261.703613, -10948.415039
192.072876, 268.694611, -10960.722656
150.445557, 273.879456, -10960.328125
117.228943, 277.056885, -10942.050781
95.591980, 280.105286, -10911.795898
87.056091, 282.528717, -10881.110352
122.653442, 293.174133, -10798.025391
159.037659, 306.361511, -10748.058594
186.007996, 318.502258, -10711.458984
208.917480, 330.365906, -10676.278320
236.672485, 346.086639, -10627.901367
255.227356, 356.778198, -10584.749023
317.429016, 380.183533, -10430.994141
365.441223, 388.115570, -10364.137695
415.181091, 394.870514, -10312.733398
496.265472, 404.194519, -10258.554688
554.374268, 408.358917, -10228.603516
621.584534, 414.221039, -10200.979492
725.504517, 424.358612, -10158.977539
884.220947, 439.437683, -10093.234375
933.945251, 445.297211, -10070.369141
976.609253, 448.601837, -10050.748047
1036.953979, 451.861481, -10021.573242
1061.306885, 452.856323, -10006.914063
1084.555176, 453.648926, -9982.809570
1086.925171, 454.153381, -9953.514648
1046.952393, 454.610199, -9923.444336
1004.456421, 456.850983, -9927.114258
961.510193, 460.362732, -9938.355469
926.741272, 464.461395, -9951.369141
893.107178, 469.550262, -9967.995117
861.941650, 473.182861, -9987.424805
795.251709, 476.744812, -10007.787109
786.562073, 476.780182, -10003.722656
780.349976, 476.311981, -9975.552734
784.251465, 478.439575, -9956.297852
798.788574, 482.707428, -9933.671875
905.538330, 503.573792, -9816.877930
937.241333, 502.792480, -9786.333984
967.247803, 501.845673, -9758.775391
996.840576, 500.494659, -9736.026367
1093.359741, 497.957336, -9699.343750
1167.080322, 498.653198, -9677.299805
1285.683228, 498.653351, -9643.549805
1542.513916, 498.652832, -9572.736328
1606.104248, 498.652863, -9555.672852
1825.865234, 498.653809, -9496.045898
1872.899658, 498.653748, -9482.788086
1957.502930, 498.628204, -9458.941406
2029.762939, 497.956512, -9439.129883
2073.146240, 497.956909, -9431.075195
2114.903809, 497.956024, -9426.199219
2157.109619, 497.956848, -9423.874023
2212.052246, 498.120422, -9426.140625
2246.154053, 498.097748, -9432.733398
2279.793945, 498.914368, -9451.749023
2319.708008, 502.537598, -9489.774414
2395.161133, 515.704346, -9563.984375
2438.055176, 527.055603, -9602.209961
2506.921387, 553.868103, -9664.458984
2543.252930, 567.799866, -9696.291016
2578.745605, 580.868164, -9729.326172
2608.614746, 590.521851, -9759.273438
2633.684570, 599.287476, -9786.434570
2662.877441, 610.797241, -9818.075195
2686.851563, 619.271362, -9845.617188
2710.096436, 628.283936, -9873.735352
2773.309082, 648.603333, -9956.788086
2796.195801, 656.419312, -9982.210938
2825.742676, 665.900208, -10011.571289
2852.476074, 669.239563, -10034.624023
2886.062500, 674.670654, -10056.072266
2917.475342, 678.319214, -10062.292969
2935.447998, 679.115540, -10051.721680
2949.910400, 679.203552, -10035.234375
2976.537354, 679.004395, -10027.533203
3003.689453, 678.877502, -10030.242188
3019.866455, 678.844421, -10039.751953
3021.179932, 678.795349, -10059.596680