.2, true
4719.237793, 1652.509033, -4745.088867
4715.569824, 1652.563965, -4750.347656
4708.189941, 1652.554321, -4761.163086
4698.685059, 1652.527710, -4774.340820
4694.725586, 1652.526733, -4778.391113
4685.729004, 1652.532715, -4781.281250
4677.855469, 1652.528442, -4782.026367
4666.599609, 1652.528198, -4782.537109
4651.711426, 1652.504028, -4785.463867
4636.901367, 1652.553711, -4796.279297
4630.626465, 1652.640503, -4807.289063
4625.834473, 1652.569092, -4820.497070
4627.049805, 1652.299927, -4832.220703
4632.711426, 1651.379639, -4847.438965
4631.638672, 1650.575195, -4856.850098
4623.446289, 1648.346069, -4875.161133
4614.552246, 1646.042358, -4888.213379
4603.592773, 1644.587280, -4896.263184
4585.103027, 1642.079346, -4904.097656
4564.584473, 1639.147827, -4907.459961
4541.664551, 1637.144165, -4905.438965
4520.897461, 1634.772583, -4894.679688
4502.917480, 1631.508789, -4880.016602
4480.433594, 1625.737549, -4856.984863
4460.750488, 1617.183594, -4815.523926
4449.271484, 1610.745728, -4768.199707
4457.255859, 1599.209961, -4688.219727
4481.581543, 1588.144531, -4634.181152
4504.285156, 1570.625488, -4573.116699
4531.529785, 1555.012573, -4523.549805
4583.660156, 1545.840698, -4474.537109
4621.021973, 1543.947021, -4445.595703
4678.046875, 1541.393677, -4399.943848
4709.905762, 1536.398926, -4362.616211
4732.707520, 1529.812866, -4322.714844
4759.710449, 1521.392334, -4274.576172
4798.273926, 1510.937744, -4222.299316
4838.947754, 1501.635132, -4189.282227
4907.908203, 1496.286865, -4145.632324
4945.981934, 1497.364258, -4109.336426
5011.490234, 1497.364868, -4040.203369
5040.867676, 1497.364868, -4009.199219
5056.255371, 1497.364746, -3992.959229
5076.858887, 1497.361450, -3971.215088
5097.750488, 1497.361450, -3949.166260
5119.092285, 1497.361450, -3926.642822
5140.650879, 1497.361450, -3903.890137
5162.510254, 1497.361450, -3880.820068
5183.972168, 1497.361450, -3858.169678
5206.109375, 1497.361450, -3834.806396
5227.722168, 1497.361450, -3811.996826
5252.770020, 1497.361450, -3785.562012
5274.267090, 1497.361450, -3762.874512
5298.570313, 1497.361450, -3737.225342
5320.131348, 1497.361450, -3714.470215
5339.119141, 1497.361450, -3694.430908
5363.830078, 1497.361450, -3668.351318
5385.513184, 1497.361450, -3645.467529
5428.720215, 1497.360474, -3599.867920
5452.920898, 1497.361450, -3574.327148
5486.937500, 1497.359009, -3538.427002
5515.467773, 1497.359985, -3508.317627
5539.054688, 1497.021118, -3482.696289
5552.020020, 1497.383423, -3464.764893
5560.096191, 1498.279541, -3443.258789
5559.394043, 1496.621704, -3421.949951
5549.675781, 1493.651123, -3402.630859
5515.335449, 1483.380981, -3342.000000
5508.929688, 1482.440918, -3332.375977
5491.439453, 1481.440552, -3314.878906
5465.618652, 1479.779175, -3304.253906
5440.272461, 1476.523438, -3305.555908
5412.843262, 1470.082397, -3320.584229
5397.173340, 1464.981812, -3340.435059
5365.250977, 1459.154541, -3376.604492
5342.718262, 1458.558105, -3384.117188
5312.463867, 1457.626587, -3382.082520
5286.725586, 1451.407227, -3367.779297
5264.098145, 1442.581055, -3344.710205
5236.989258, 1430.599976, -3304.272705
5222.904297, 1429.571533, -3260.644531
5222.012695, 1426.376465, -3218.472900
5222.454102, 1425.033936, -3180.278809
5222.913086, 1425.069946, -3145.352295
5223.869141, 1425.069946, -3072.528564
5224.729980, 1425.069946, -3020.678467
5226.418945, 1425.068970, -2948.760742
5230.000000, 1425.069946, -2820.573730
5231.359863, 1425.069946, -2777.438965
5232.945313, 1425.069946, -2727.134033
5234.470703, 1425.069824, -2664.547852
5234.931641, 1425.070313, -2620.715820
5235.373047, 1425.354614, -2576.790527
5235.782227, 1425.515869, -2544.881348
5240.681152, 1425.554077, -2518.498047
5283.705566, 1428.491577, -2473.340332
5315.422363, 1434.343872, -2452.392822
5346.762207, 1442.190308, -2429.635986
5380.195801, 1449.477417, -2398.963135
5426.295410, 1456.734009, -2329.083496
5433.431641, 1457.653320, -2297.703125
5443.842773, 1458.743164, -2272.216553
5459.332520, 1459.891724, -2258.304199
5486.227051, 1461.949463, -2246.479736
5522.386719, 1465.507935, -2250.856445
5560.204102, 1470.529419, -2270.512939
5588.499512, 1474.038696, -2282.514160
5625.565918, 1476.196167, -2298.466064
5667.874512, 1467.126709, -2321.035889
5698.499023, 1462.381226, -2341.911133
5727.842773, 1458.047119, -2357.489990
5756.564941, 1452.974365, -2359.591553
5791.276855, 1445.863159, -2344.865723
5826.646484, 1442.032593, -2329.858398
5864.610840, 1438.862671, -2327.128418
5897.616211, 1434.089355, -2336.300537
5924.176270, 1428.177246, -2357.324463
5946.169922, 1421.133179, -2390.304688
5962.500488, 1414.372314, -2422.553223
6001.447266, 1400.395142, -2485.555420
6040.201172, 1392.821777, -2519.333984
6066.198730, 1385.996826, -2547.399170
6087.269531, 1380.302002, -2570.910156
6168.221680, 1360.552734, -2604.512451
6218.414063, 1354.301392, -2621.853271
6259.204102, 1353.958618, -2637.771240
6315.207520, 1351.760498, -2663.516602
6354.910645, 1347.414307, -2682.774170
6388.753906, 1341.286987, -2701.395508
6462.553711, 1338.264893, -2746.803223
6487.430176, 1338.387207, -2760.672363
6544.697754, 1338.010010, -2773.442139
6553.336426, 1338.012817, -2770.195557
6562.459473, 1338.009399, -2766.177734
6568.698242, 1338.026489, -2765.230469
6573.937012, 1338.044189, -2767.277832
6581.298828, 1338.045532, -2773.821045
6585.343750, 1337.994751, -2781.675537
6589.513672, 1338.734619, -2799.853760
6591.127441, 1348.246582, -2848.945801
6596.828613, 1357.333496, -2880.458740
6606.475586, 1369.079590, -2933.642334
6617.752441, 1378.293335, -2978.147705
6634.837402, 1386.430420, -3024.440674
6655.218262, 1395.162842, -3060.253662
6677.143555, 1404.115356, -3089.357666
6712.673828, 1417.867798, -3130.079590
6735.921875, 1426.400879, -3154.839600
6770.608398, 1437.397827, -3190.127441
6805.651855, 1442.089111, -3218.879395
6839.343262, 1448.024780, -3240.085205
6866.853516, 1452.845703, -3256.882080
6882.119141, 1454.873169, -3270.127197
6896.635254, 1455.114258, -3291.227539
6904.888672, 1454.867065, -3317.422119
6908.380859, 1454.810303, -3351.937012
6912.200684, 1454.691284, -3376.035889
6913.355957, 1453.967529, -3395.951904
6906.294922, 1453.690308, -3405.515625
6895.121094, 1453.586426, -3412.686279
6872.541504, 1453.378174, -3422.354736