.2, true
-2679.954346, 458.262024, -12066.760742
-2734.555176, 458.247009, -12002.473633
-2750.310547, 458.245789, -11982.785156
-2766.810547, 458.238464, -11965.484375
-2782.660156, 458.333588, -11954.462891
-2803.750244, 458.483551, -11943.173828
-2827.452393, 456.972687, -11933.240234
-2846.291992, 454.453094, -11934.315430
-2855.661133, 453.103027, -11943.891602
-2860.864258, 450.877777, -11962.743164
-2869.488525, 446.587006, -11987.400391
-2880.411133, 435.886139, -12017.892578
-2880.941162, 426.602997, -12039.660156
-2873.791504, 418.895142, -12062.601563
-2866.513428, 409.253754, -12095.661133
-2870.681885, 403.238708, -12119.785156
-2881.467529, 401.935760, -12131.646484
-2896.278320, 401.247192, -12139.136719
-2922.400879, 399.498352, -12124.261719
-2933.727539, 398.890411, -12117.356445
-2947.726807, 398.188080, -12108.875000
-2965.569824, 397.244568, -12098.069336
-2983.292236, 396.201599, -12088.198242
-3003.370850, 394.968323, -12076.724609
-3017.718750, 394.111053, -12068.495117
-3033.165771, 393.210846, -12062.428711
-3054.630615, 392.456299, -12063.631836
-3061.223877, 391.106659, -12079.137695
-3059.161621, 390.293915, -12089.528320
-3048.255615, 388.850677, -12098.881836
-3033.618408, 386.892822, -12110.063477
-2968.146729, 374.065979, -12170.147461
-2905.375488, 367.519287, -12248.333008
-2842.479248, 366.785614, -12344.521484
-2799.879883, 359.217010, -12469.280273
-2797.861816, 354.138062, -12525.432617
-2800.409424, 355.891113, -12596.051758
-2822.650879, 357.510712, -12685.557617
-2840.132568, 355.100830, -12722.966797
-2855.120117, 351.775299, -12750.143555
-2877.400879, 346.700806, -12783.083984
-2915.518066, 339.719147, -12821.857422
-2947.646484, 333.554413, -12850.065430
-2994.566162, 324.061646, -12880.154297
-3074.553223, 311.931122, -12904.713867
-3116.584961, 307.448517, -12914.480469
-3153.711426, 307.376312, -12920.514648
-3178.157227, 305.988220, -12940.921875
-3193.871094, 305.926819, -12956.494141
-3197.665039, 305.616089, -12983.233398
-3197.169189, 305.280731, -13005.138672
-3194.243164, 304.953522, -13028.879883
-3187.581055, 304.644012, -13058.332031
-3179.574463, 304.456909, -13086.863281
-3158.871582, 304.226349, -13139.139648
-3139.940674, 303.588165, -13174.696289
-3116.538330, 300.797180, -13219.677734
-3098.094238, 300.328369, -13254.984375
-3078.984619, 300.331879, -13291.694336
-3062.148438, 300.330566, -13324.458984
-3047.565430, 299.983948, -13353.357422
-3031.606934, 301.919708, -13384.564453
-3016.721680, 302.920349, -13413.301758
-3001.038086, 303.226807, -13441.992188
-2984.522705, 301.609070, -13469.460938
-2966.458008, 298.613159, -13496.545898
-2944.250977, 294.689819, -13525.610352
-2921.106201, 290.691895, -13552.704102
-2877.451416, 286.104401, -13598.793945
-2847.875488, 284.278381, -13623.958984
-2811.346924, 280.491211, -13651.485352
-2786.916504, 276.930664, -13667.180664
-2751.225098, 271.126526, -13688.348633
-2711.786865, 264.597656, -13707.737305
-2680.181885, 258.870667, -13721.341797
-2643.052002, 252.680634, -13737.336914
-2585.455078, 243.567429, -13760.165039
-2531.724365, 235.679367, -13778.086914
-2497.214844, 231.222763, -13787.345703
-2454.654297, 227.202499, -13796.185547
-2416.641357, 225.256165, -13801.859375
-2375.044189, 223.821335, -13804.164063
-2319.696045, 220.963455, -13800.920898
-2275.741455, 217.786926, -13791.702148
-2230.696777, 215.489273, -13772.945313
-2191.065430, 215.367706, -13748.358398
-2159.440674, 215.434021, -13725.771484
-2122.619385, 214.766815, -13699.473633
-2081.259277, 213.435486, -13669.938477
-2047.763672, 212.996796, -13647.741211
-2011.269897, 214.010513, -13627.256836
-1950.024414, 216.504974, -13607.130859
-1898.949707, 217.871536, -13605.735352
-1858.612061, 216.373123, -13611.150391
-1815.026245, 213.725830, -13621.219727
-1752.098999, 210.122772, -13634.851563
-1729.203857, 209.257462, -13636.856445
-1697.559448, 209.181061, -13631.062500
-1661.710938, 209.953156, -13614.169922
-1599.084839, 211.511505, -13555.828125
-1591.003540, 211.537216, -13539.746094
-1585.166870, 211.480972, -13521.012695
-1581.049683, 211.875443, -13499.514648
-1577.239380, 215.242935, -13473.378906
-1573.805542, 217.936111, -13447.993164
-1568.269287, 219.681198, -13417.653320
-1561.506470, 220.978516, -13388.150391
-1552.166260, 220.943710, -13357.364258
-1534.939453, 220.936142, -13315.692383
-1516.870117, 223.620850, -13281.914063
-1502.969727, 226.977051, -13260.394531
-1484.619873, 232.088089, -13229.729492
-1471.920166, 235.582611, -13202.326172
-1465.165039, 237.197861, -13177.011719
-1464.554321, 238.380035, -13143.268555
-1474.211914, 239.490021, -13114.774414
-1491.847046, 240.391479, -13090.233398
-1521.703979, 244.083084, -13059.171875
-1545.487061, 249.458237, -13038.442383
-1574.109131, 256.343628, -13016.287109
-1603.925781, 262.506653, -12990.438477
-1625.425049, 264.942810, -12964.421875
-1646.204590, 265.651672, -12933.719727
-1660.875122, 265.902496, -12905.205078
-1672.193481, 265.626068, -12868.510742
-1675.797485, 265.170959, -12838.018555
-1677.652100, 265.280457, -12807.315430
-1678.233521, 265.393524, -12775.484375
-1678.672852, 265.509766, -12742.954102
-1675.045044, 266.205505, -12701.530273
-1665.183838, 266.340332, -12671.773438
-1647.492065, 265.321259, -12643.592773
-1626.014893, 263.362396, -12620.653320
-1600.073975, 260.834442, -12595.653320
-1561.809814, 256.703278, -12556.876953
-1538.430420, 254.157410, -12534.362305
-1508.734131, 250.607452, -12505.945313
-1482.861450, 246.586655, -12481.500000
-1459.825806, 243.365204, -12459.731445
-1436.463257, 240.084778, -12437.654297
-1412.797852, 236.910110, -12416.025391
-1373.589111, 232.058380, -12382.504883
-1343.085815, 228.935959, -12360.234375
-1302.310425, 226.788666, -12341.591797
-1262.648193, 226.835373, -12334.147461
-1225.266357, 227.554337, -12336.141602
-1190.695313, 227.681183, -12346.160156
-1161.069214, 227.683929, -12368.422852
-1137.136841, 227.720352, -12395.647461
-1110.678223, 227.555542, -12429.900391
-1091.273560, 227.886246, -12457.070313
-1073.124390, 227.979889, -12483.055664
-1052.715332, 228.000305, -12512.673828
-1033.205078, 227.998550, -12539.666992
-1010.106995, 227.504318, -12567.540039
-986.007874, 227.248825, -12590.675781
-955.004028, 227.520233, -12619.520508
-931.384399, 227.516571, -12641.774414
-905.936401, 228.287216, -12667.247070
-876.688904, 228.876740, -12693.282227
-842.642883, 228.962967, -12716.444336
-818.862610, 228.872345, -12734.140625
-798.656433, 228.256210, -12750.754883
-757.242859, 227.823624, -12799.585938
-735.018921, 227.722107, -12823.747070
-711.883789, 227.785507, -12842.200195
-683.867371, 227.428726, -12861.053711
-651.119934, 226.312241, -12880.590820
-618.198730, 223.414063, -12898.006836
-581.782166, 217.572113, -12918.087891
-542.988831, 212.516266, -12939.659180
-497.937988, 212.550308, -12964.284180
-412.639008, 212.551193, -13009.644531
-401.013306, 212.545166, -13017.972656
-394.366333, 212.548096, -13035.863281
-398.211395, 212.550919, -13045.099609
-407.281921, 212.552032, -13060.203125
-415.391785, 212.546661, -13076.068359
-412.040466, 212.542892, -13097.476563
-397.903503, 212.550949, -13107.041016
-375.553864, 212.550323, -13117.160156
-347.930115, 212.546158, -13116.586914
-336.502045, 212.554169, -13100.050781
-329.972443, 212.552902, -13087.691406
-320.990112, 212.552322, -13070.150391
-310.557404, 212.550674, -13049.767578
-301.322144, 212.550385, -13031.723633
-278.742615, 212.540771, -12999.576172
-259.422882, 213.188675, -12999.079102
-242.609619, 214.568344, -12997.049805
-233.051941, 219.225510, -12993.157227
-226.722321, 221.485168, -12990.927734
-217.139404, 224.626816, -12988.072266
-206.924316, 228.651077, -12986.394531
-196.823853, 228.714188, -12987.216797
-180.087341, 228.359039, -12992.786133
-158.474304, 227.186630, -13001.166992
-137.545197, 225.950165, -13007.939453
-116.343536, 224.592224, -13013.882813
-88.329163, 222.779160, -13019.648438
-61.518127, 221.228287, -13020.237305
-27.307068, 219.780121, -13016.913086
5.725403, 218.572617, -13008.881836
42.816406, 216.824005, -12992.669922
61.701721, 215.736679, -12980.027344
86.132813, 213.600723, -12956.586914
104.747742, 211.780197, -12944.476563
105.928162, 208.157303, -12991.718750
88.187866, 206.600159, -13012.783203
83.284180, 202.832382, -13049.424805
94.709351, 201.931870, -13061.333984
120.726929, 201.968765, -13067.918945
141.914185, 202.005920, -13072.910156
149.287476, 201.972443, -13097.371094
154.548340, 201.967941, -13112.302734
152.309387, 201.871643, -13127.234375
146.919434, 201.840088, -13134.920898