.2, true
2161.311768, 629.282959, -6438.762207
2162.600098, 629.377808, -6448.201172
2162.527344, 629.503601, -6469.474609
2157.310791, 627.849792, -6510.227051
2147.004883, 618.302795, -6566.582520
2147.418701, 608.409119, -6620.610352
2156.345947, 601.065918, -6662.132813
2185.868896, 584.649231, -6746.500000
2208.077393, 581.982178, -6804.773438
2290.761230, 581.983154, -7009.119141
2339.971436, 581.983154, -7129.949219
2376.009766, 581.982849, -7215.699219
2402.491699, 581.982971, -7279.672363
2430.627930, 581.982971, -7347.642578
2455.278320, 581.982971, -7407.191895
2480.420410, 581.982971, -7467.928223
2500.911865, 581.982971, -7517.430176
2523.342773, 581.983154, -7571.617188
2543.464844, 580.981018, -7619.235352
2566.637939, 581.884705, -7664.187988
2601.536621, 584.547729, -7711.424316
2631.317871, 587.025696, -7743.403320
2664.725586, 591.052917, -7768.262695
2697.343262, 596.239136, -7786.691406
2733.203857, 603.767212, -7803.070313
2767.188721, 611.371155, -7814.743652
2808.999512, 616.621460, -7828.365723
2858.092285, 617.377258, -7840.849121
2916.744141, 620.672363, -7844.307129
2966.122314, 623.974609, -7832.187988
3002.354492, 626.502075, -7817.399902
3040.727295, 629.402893, -7803.641113
3079.587891, 630.880249, -7800.522949
3121.597656, 631.437012, -7804.608887
3164.801025, 631.777954, -7810.711914
3212.665771, 631.487427, -7817.486816
3259.096680, 631.706482, -7824.453125
3303.152832, 637.154846, -7834.672852
3340.526611, 646.957642, -7849.368164
3376.327148, 656.376587, -7866.331055
3468.258057, 663.265137, -7904.737305
3538.712158, 679.635254, -7938.829590
3636.857178, 705.461609, -7964.552734
3692.178955, 717.122009, -7943.279297
3749.423584, 728.269226, -7914.309570
3796.129639, 738.210449, -7880.152832
3834.315186, 747.787109, -7834.169434
3867.939697, 757.274231, -7781.467285
3901.569824, 771.529602, -7694.653809
3912.570313, 781.541626, -7625.765137
3926.037598, 793.123596, -7542.080566
3947.010254, 807.526123, -7421.442871
3973.870850, 813.515747, -7317.300293
3984.683350, 813.454102, -7268.843262
3985.088623, 813.138062, -7198.194336
3976.520996, 812.692017, -7147.775879
3962.733643, 813.326355, -7088.522949
3945.695557, 814.766968, -7021.761719
3933.270020, 817.091919, -6962.280762
3929.167725, 821.478577, -6903.298828
3935.255371, 826.743225, -6853.156738
3950.557861, 833.299500, -6800.521484
3967.488525, 839.985596, -6750.472168
3980.230469, 846.135437, -6704.597656
3989.880859, 852.066162, -6659.843750
3996.297363, 858.225769, -6611.898926
3996.773193, 863.659851, -6567.730469
3991.162598, 869.024658, -6524.328613
3979.426758, 874.391602, -6481.272949
3965.347900, 878.741882, -6446.414551
3950.970459, 882.474426, -6415.970703
3928.677734, 887.924255, -6367.962402
3912.005859, 892.360718, -6320.058594
3907.289307, 894.462830, -6288.537109
3909.137695, 895.769653, -6250.253418
3925.972900, 894.699524, -6206.397461
3964.269043, 890.149292, -6153.864258
3991.779053, 886.680298, -6124.855469
4032.034912, 881.829895, -6084.898438
4085.531738, 877.465454, -6030.662109
4121.565918, 878.261475, -5988.267090
4153.929199, 881.983398, -5949.572266
4184.987793, 887.152222, -5914.741211
4230.736328, 893.930115, -5876.141602
4270.419922, 896.813721, -5856.799316
4305.147461, 897.900024, -5852.816895
4345.240723, 898.605408, -5853.922852
4394.057129, 899.539307, -5852.133789
4447.121582, 902.213379, -5835.445313
4481.462891, 905.627441, -5805.263672
4519.787109, 910.962646, -5752.878418
4563.042969, 916.107300, -5705.389648
4608.601563, 920.299072, -5672.015625
4646.324219, 923.649780, -5650.469238
4685.533203, 926.439758, -5632.434570
4722.531738, 927.796082, -5620.675781
4761.817383, 927.118042, -5617.181152
4807.376465, 923.183716, -5617.614258
4861.414551, 915.996155, -5625.980957
4904.709961, 909.337891, -5637.021973
4951.589355, 902.632751, -5643.481934
4998.753418, 895.265137, -5643.207031
5042.779785, 888.544739, -5638.104980
5100.796387, 879.814209, -5618.654785
5177.903320, 874.642761, -5560.991699
5218.015625, 874.813171, -5528.373535
5253.649414, 874.710327, -5491.893555
5322.824707, 876.466553, -5424.454102
5342.807617, 877.208252, -5404.412598
5362.526367, 878.122131, -5380.243164
5378.737793, 879.278198, -5354.558594
5401.542969, 880.318176, -5342.856445
5436.368164, 880.828369, -5350.833008
5509.562012, 880.922974, -5351.967285
5574.754883, 882.547546, -5345.431641
5606.327148, 883.066467, -5342.137207
5641.764648, 884.685730, -5339.009766
5674.491211, 888.977844, -5341.392578
5730.499512, 895.122742, -5379.092285
5766.173828, 911.288208, -5439.636719
5785.763184, 918.469482, -5492.906250
5797.742188, 922.488281, -5523.403809
5809.947754, 927.628174, -5551.219238
5824.602051, 934.543640, -5580.975586
5843.788574, 942.450317, -5614.372559
5867.828125, 948.118896, -5650.031250
5886.751953, 950.163147, -5671.510254
5916.527832, 953.117981, -5688.288086
5941.151367, 955.039551, -5689.035645
5974.034180, 957.454834, -5682.619141
6011.711426, 961.331787, -5669.111328
6044.104980, 965.847046, -5652.723145
6076.411133, 970.572205, -5633.588379
6125.578125, 977.128723, -5609.800293
6174.813477, 986.570984, -5607.510254
6219.404785, 996.615601, -5610.434082
6257.508789, 1003.884216, -5621.605957
6318.349609, 1009.028625, -5642.657715
6386.172852, 1008.693115, -5667.185059
6419.488281, 1008.425964, -5679.229980
6458.304199, 1008.804077, -5691.428223
6505.881348, 1009.660889, -5697.348145
6588.859863, 1011.525024, -5661.333984
6629.246094, 1012.172791, -5652.233398
6661.866211, 1012.458923, -5656.126465
6706.827148, 1011.990234, -5666.966797
6735.246094, 1010.783386, -5680.913086
6762.291016, 1009.277588, -5696.941406
6788.046875, 1007.863220, -5710.403809
6818.911621, 1006.334534, -5720.937500
6858.850098, 1004.650574, -5729.744629
6914.067871, 1004.942383, -5728.576660
6949.311523, 1006.266602, -5720.556152
6990.400879, 1008.253235, -5712.154785
7022.056152, 1011.794861, -5712.515137
7074.401855, 1013.364075, -5704.471191
7131.571777, 1013.424927, -5680.481445
7156.608398, 1013.291504, -5683.406738
7180.418457, 1013.457764, -5689.643066
7207.270508, 1012.901428, -5693.047363
7247.768066, 1011.399048, -5687.068848
7268.957031, 1012.103455, -5672.695313
7283.663086, 1013.116211, -5655.204102
7314.087891, 1013.323669, -5620.837402
7338.526855, 1012.955017, -5622.779297
7357.192383, 1013.352173, -5633.633301
7376.186523, 1015.328186, -5655.156738
7394.249023, 1016.689636, -5677.628906
7413.129395, 1017.186035, -5699.724609
7434.266113, 1017.236938, -5724.249512
7449.201172, 1016.834717, -5745.664551
7472.936035, 1015.035217, -5778.918457
7500.628906, 1011.950195, -5807.303223
7522.527344, 1009.087280, -5825.548828
7547.018555, 1006.049377, -5843.083984
7569.909668, 1002.926880, -5857.267090
7605.767090, 1000.180298, -5873.232422
7645.222656, 998.979187, -5876.397949
7687.307129, 998.158386, -5869.101563
7719.840332, 997.729736, -5862.248047
7757.594727, 997.367859, -5855.580566
7797.374512, 997.149414, -5850.077148
7858.343750, 997.550842, -5852.556641
7924.050293, 1001.318665, -5884.925293
7946.799805, 1002.403687, -5879.742188
7970.086914, 1003.532776, -5873.137695
8005.962402, 1005.164001, -5862.333984
8040.161621, 1005.902710, -5860.909180
8079.667969, 1005.784180, -5860.310547
8096.840820, 1005.804626, -5860.912598
8111.821777, 1005.806335, -5869.393555
8115.643066, 1005.803772, -5880.080566
8118.182617, 1005.803528, -5908.824219
8122.518555, 1005.805786, -5940.467773